POPULATION CHARACTERISTICS
Table PC1. Population, Live Births, Fertility Rates, Marriages, Deaths, and Infant Mortality, New York City, 1898-2023
Total
Fertility
Live Births Fertility Marriages† Deaths Infant Mortality
Rates
Rates
Rate per Per 1,000 Rate per Rate per Deaths Rate per
Total 1,000 Women Per 1,000 Total 1,000 Total 1,000 Under One 1,000
Year Population Reported* Population Aged 15-44 Women Reported* Population Reported* Population Year* Live Births
1898-1900 3,358,000 119,000 35.4 30,535 9.1 67,503 20.1 16,264 136.7
1901-1905 3,786,000 129,000 34.1 37,988 10.0 71,689 18.9 15,611 121.0
1906-1910 4,473,000 144,000 32.2 44,966 10.1 75,865 17.0 16,609 115.3
1911-1915 5,049,000 140,581 27.8 51,157 10.1 74,666 14.8 14,060 100.0
1916-1920 5,492,000 136,101 24.8 59,081 10.8 80,435 14.6 12,004 88.2
1921-1925 6,175,000 130,462 21.1 62,710 10.2 69,303 11.2 8,985 68.9
1926-1930 6,703,000 125,590 18.7 62,278 9.3 75,395 11.2 7,662 61.0
1931-1935 7,101,000 106,179 15.0 63,273 8.9 75,561 10.6 5,521 52.0
1936-1940 7,363,000 102,418 13.9 69,184 9.4 76,065 10.3 4,079 39.8
1941-1945 7,597,000 126,495 16.7 76,086 10.0 78,382 10.3 3,525 27.9
1946-1950 7,815,000 158,926 20.3 90,914 11.6 79,708 10.2 4,139 26.0
1951-1955 7,867,000 163,526 20.8 71,689 9.1 80,583 10.2 3,986 24.4
1956-1960 7,806,000 166,949 21.4 68,281 8.7 84,290 10.8 4,290 25.7
1961-1965 7,816,200 165,197 21.1 68,318 8.7 87,597 11.2 4,333 26.2
1966-1970 7,872,972 147,294 18.7 71,653 9.1 88,779 11.3 3,477 23.6
1971-1975 7,652,200 115,941 15.1 67,737 8.9 82,113 10.7 2,313 19.9
1976-1980 7,236,000 108,058 14.9 56,010 7.7 74,867 10.3 1,875 17.4
1981 7,097,000 108,547 15.3 63.9 61,775 8.7 73,329 10.3 1,678 15.5
1982 7,122,000 111,487 15.7 65.1 66,619 9.4 73,083 10.3 1,706 15.3
1983 7,147,000 112,353 15.7 65.1 68,164 9.5 73,544 10.3 1,603 14.3
1984 7,172,000 113,332 15.8 65.1 76,336 10.6 74,278 10.4 1,540 13.6
1985 7,197,000 118,542 16.5 67.6 77,897 10.8 74,852 10.4 1,591 13.4
1986 7,222,000 122,108 16.9 69.0 82,199 11.4 75,702 10.5 1,566 12.8
1987 7,247,000 127,386 17.6 71.5 76,194 10.5 76,448 10.5 1,673 13.1
1988 7,272,000 132,226 18.2 73.6 74,137 10.2 77,817 10.7 1,770 13.4
1989 7,297,000 137,673 18.9 76.0 69,758 9.6 75,957 10.4 1,827 13.3
1990 7,322,564 139,630 19.1 76.5 71,301 9.7 73,875 10.1 1,620 11.6
1991 7,388,000 138,148 18.7 75.3 69,314 9.4 72,421 9.8 1,575 11.4
1992 7,455,000 136,002 18.2 73.8 71,947 9.7 71,001 9.5 1,390 10.2
1993 7,522,000 133,583 17.8 72.1 72,490 9.6 73,408 9.8 1,366 10.2
1994 7,590,000 133,662 17.6 71.8 70,438 9.3 71,038 9.4 1,207 9.0
1995 7,658,000 131,009 17.1 70.1 71,507 9.3 70,769 9.2 1,155 8.8
1996 7,727,000 126,901 16.4 67.5 79,361 10.3 66,784 8.6 992 7.8
1997 7,796,000 123,313 15.8 65.3 80,027 10.3 62,506 8.0 881 7.1
1998 7,866,000 124,252 15.8 65.5 53,661 6.8 61,010 7.8 843 6.8
1999 7,937,000 123,739 15.6 64.9 55,075 6.9 62,470 7.9 848 6.9
2000 8,008,278 125,563 15.7 65.5 1,918.4 58,291 7.3 60,839 7.6 839 6.7
2001‡ 8,060,000 124,023 15.4 64.5 1,884.2 72,587 9.0 62,964 7.8 760 6.1
2001‡ 8,060,000 Excluding World Trade Center disaster deaths 60,218 7.5
2002‡ 8,072,000 122,937 15.2 64.1 1,866.4 65,490 8.1 59,651 7.4 742 6.0
2003‡ 8,068,000 124,345 15.4 65.1 1,890.5 61,101 7.6 59,213 7.3 807 6.5
2004‡ 8,043,000 124,099 15.4 65.3 1,898.3 62,057 7.7 57,466 7.1 760 6.1
2005‡ 8,013,000 122,725 15.3 65.0 1,890.7 66,348 8.3 57,068 7.1 732 6.0
2006‡ 7,994,000 125,506 15.7 66.6 1,935.2 65,619 8.2 55,391 6.9 740 5.9
2007 8,014,000 128,961 16.1 68.4 1,976.3 66,483 8.3 54,073 6.7 697 5.4
2008 8,068,000 127,680 15.8 67.3 1,937.2 66,670 8.3 54,193 6.7 698 5.5
2009 8,132,000 126,774 15.6 66.5 1,902.0 65,542 8.1 52,881 6.5 668 5.3
2010 8,175,133 124,791 15.3 65.3 1,863.2 67,051 8.2 52,575 6.4 609 4.9
2011‡ 8,338,000 123,029 14.8 63.7 1,835.1 71,401 8.6 52,789 6.3 577 4.7
2012‡ 8,464,000 123,231 14.6 63.2 1,824.5 74,362 8.8 52,455 6.2 583 4.7
2013‡ 8,566,000 120,457 14.1 61.5 1,768.7 77,678 9.1 53,409 6.2 551 4.6
2014‡ 8,655,000 122,084 14.1 62.1 1,767.2 78,409 9.1 53,034 6.1 516 4.2
2015‡ 8,737,000 121,673 13.9 61.8 1,753.9 77,777 8.9 54,120 6.2 526 4.3
2016‡ 8,795,000 120,367 13.7 61.3 1,738.6 84,073 9.6 54,280 6.2 491 4.1
2017‡ 8,815,000 117,013 13.3 59.9 1,688.8 82,866 9.4 54,319 6.2 500 4.3
2018‡ 8,826,000 114,296 12.9 58.8 1,714.2 76,688 8.7 55,081 6.2 446 3.9
2019‡ 8,825,000 110,442 12.5 57.1 1,678.5 73,827 8.4 54,559 6.2 464 4.2
2020 8,804,190 100,022 11.4 52.2 1,452.5 36,142 4.1 82,143 9.3 388 3.9
2021 8,467,513 99,262 11.7 55.2 1,543.3 41,642 4.9 63,551 7.5 400 4.0
2022 8,335,897 99,459 11.9 56.1 1,569.4 60,615 7.3 60,596 7.3 427 4.3
2023 8,258,035 98,389 11.9 56.0 1,569.5 70,244 8.5 55,459 6.7 414 4.2
*Figures prior to 1966 are averages across the years presented; single-year figures prior to 1966 appear in the annual summaries for 1965 and earlier. Figures for 1898-1913 births are estimated.
† See Technical Notes: Births, Mother's Marital Status.
‡ Population data may vary by publication year. See Technical Notes: Population, Citywide population.
53